	int error = 0;
	struct model* m = calloc(1, sizeof(struct model));
	if (m == NULL) {
		printf("allocate for model fail\n");
		return -1;
	}
	error = create_model1_onnx_tensor();
	if (error == NULL) {
		printf("Create tensor fail\n");
		return -1;
	}
	else {
		printf("create tensor success\n\n\n");
	}
	create_model1_onnx_attributes();
	error = setup_model1_onnx(m);
	if (error = 0) {
		printf("set up mode error\n");
		return -1;
	}
	else {
		printf("create model success\n\n\n");
	}

	float in_mag[] = { 5.39067 ,6.8494 ,1.14454 ,1.08246 ,1.29004 ,31.6753 ,1.65536 ,1.39328 ,0.338846 ,0.558672 ,1.22818 ,0.505865 ,0.295061 ,0.729198 ,0.282264 ,3.18819 ,0.954893 ,1.0161 ,1.3338 ,1.02038 ,5.96603 ,0.963438 ,0.946187 ,0.967735 ,0.425799 ,3.84803 ,1.54078 ,0.549375 ,0.763251 ,0.945224 ,1.40224 ,0.574287 ,0.447505 ,0.472413 ,0.286304 ,1.18594 ,0.459248 ,0.417757 ,0.349944 ,0.228196 ,0.382349 ,0.199865 ,0.230751 ,0.117599 ,0.391978 ,0.205577 ,0.0548987 ,0.332081 ,0.369743 ,0.404544 ,0.880801 ,0.438188 ,0.16293 ,0.382531 ,0.4672 ,0.917123 ,0.717186 ,0.540917 ,1.3862 ,1.04698 ,1.10986 ,0.922774 ,0.309474 ,0.570067 ,0.848784 ,0.380594 ,0.913897 ,0.96806 ,0.666851 ,0.557827 ,1.71858 ,2.0709 ,1.08109 ,0.205884 ,0.911698 ,1.06733 ,1.53189 ,0.959552 ,0.608039 ,0.610952 ,1.20853 ,1.54985 ,1.66051 ,0.426794 ,0.465048 ,0.660558 ,0.755823 ,0.750465 ,0.331707 ,0.193413 ,0.243869 ,0.715148 ,0.408532 ,0.292338 ,0.41071 ,0.282256 ,0.318056 ,0.250958 ,0.0904204 ,0.226549 ,0.0630756 ,0.498679 ,0.261685 ,0.0533498 ,0.231119 ,0.191575 ,0.265412 ,0.0970786 ,0.356365 ,0.23924 ,0.259272 ,0.251102 ,0.287077 ,0.211901 ,0.0257595 ,0.306252 ,0.32022 ,0.390462 ,0.114232 ,0.236547 ,0.315812 ,0.23408 ,0.312772 ,0.178554 ,0.189211 ,0.0765592 ,0.180906 ,0.0479352 ,0.0652193 ,0.211142 ,0.118342 ,0.173209 ,0.0304984 ,0.170604 ,0.0995645 ,0.132003 ,0.296921 ,0.0751296 ,0.0844443 ,0.0663485 ,0.0605538 ,0.14583 ,0.08352 ,0.0880862 ,0.0492345 ,0.0862897 ,0.0495602 ,0.0371292 ,0.0631361 ,0.0230689 ,0.041316 ,0.0332053 ,0.0713517 ,0.0617054 ,0.0611918 ,0.094703 ,0.0639735 ,0.0481656 ,0.0937219 ,0.0629695 ,0.0101681 ,0.0183263 ,0.057126 ,0.0607902 ,0.0642638 ,0.105326 ,0.0363832 ,0.0764443 ,0.0309898 ,0.0680063 ,0.046321 ,0.0378646 ,0.0465649 ,0.0522276 ,0.0691264 ,0.08933 ,0.0130304 ,0.0100359 ,0.0271686 ,0.0383024 ,0.0110733 ,0.0377255 ,0.0356555 ,0.0296991 ,0.0372793 ,0.0383414 ,0.0629776 ,0.0633724 ,0.0569661 ,0.0349326 ,0.0768348 ,0.0725914 ,0.0450531 ,0.101586 ,0.0322882 ,0.153008 ,0.091472 ,0.246068 ,0.042496 ,0.102713 ,0.0684165 ,0.0146388 ,0.0453211 ,0.158833 ,0.0151754 ,0.0859028 ,0.134359 ,0.0861124 ,0.0922572 ,0.0757312 ,0.0943634 ,0.0220437 ,0.0352295 ,0.0475412 ,0.036053 ,0.0402863 ,0.0732679 ,0.071247 ,0.0503933 ,0.0311337 ,0.0578299 ,0.0381273 ,0.0892307 ,0.0587888 ,0.0457988 ,0.0337678 ,0.0403845 ,0.0273001 ,0.0538144 ,0.0271144 ,0.0290617 ,0.033145 ,0.0396941 ,0.0244382 ,0.0322902 ,0.0372437 ,0.0305332 ,0.0349872 ,0.0335304 ,0.0303806 ,0.0313931 ,0.0341632 ,0.0312585 ,0.0319926 ,0.0322058 ,0.0322896 ,0.0322362 ,0.0324808 ,0.0322229 ,0.0324423 ,0.0322164 ,0.0323642 ,0.03234 ,0.0323631 ,0.0323062 ,0.0323624 ,0.0323191 };
	float state1_in[] = { -0.0693196 ,-0.117805 ,0.00129986 ,0.389493 ,0.317644 ,0.792912 ,0.279163 ,0.297472 ,0.639817 ,0.959108 ,0.0366018 ,0.0366184 ,0.397446 ,0.420987 ,-0.00342585 ,-0.0613645 ,0.0973706 ,0.999973 ,-0.569145 ,-0.861227 ,0.82572 ,1.87743 ,0.0251145 ,0.0858377 ,-0.38046 ,-0.400626 ,6.24017e-06 ,0.00438056 ,2.7826e-05 ,0.0153183 ,0.994234 ,2.92305 ,0.266869 ,0.274826 ,0.0647714 ,0.72962 ,0 ,0 ,-0.0257523 ,-0.02576 ,-0.0292489 ,-0.949403 ,0.0930578 ,0.688765 ,0.00473079 ,0.938699 ,0.115615 ,0.11937 ,2.166e-11 ,2.20239e-05 ,2.15762e-05 ,0.311895 ,-0.0563808 ,-0.0564552 ,0.73056 ,0.99808 ,0.727747 ,0.926957 ,0.202366 ,0.205198 ,0.799662 ,1.09767 ,-6.59006e-07 ,-0.000843476 ,-0.178282 ,-0.180221 ,-0.0427451 ,-0.0521582 ,-4.30176e-05 ,-0.0582405 ,-0.059893 ,-0.0599719 ,-0.234436 ,-0.246963 ,-0.0168969 ,-0.0191534 ,-0.190131 ,-1.02377 ,-0.758582 ,-0.999511 ,0 ,0 ,-0.432584 ,-0.863811 ,-4.67998e-05 ,-0.999925 ,-0 ,-1 ,0.329791 ,0.342748 ,-0.99574 ,-48.9425 ,0.387946 ,33.5838 ,0.00284504 ,0.565931 ,0.720478 ,0.999993 ,0.0909239 ,0.09118 ,-0.422642 ,-0.879268 ,0.00645336 ,0.00648883 ,-0.0242182 ,-0.0839632 ,-0.133711 ,-0.928299 ,-0.913948 ,-1.58148 ,-0.043478 ,-0.13946 ,-0.00346171 ,-0.584726 ,-0.0471586 ,-2.59079 ,0.00821186 ,0.533624 ,0.00167493 ,0.002231 ,-0.0399509 ,-0.973846 ,-8.52672e-08 ,-0.0366972 ,-0.0241037 ,-0.455593 ,0 ,1.7685 ,-0.391156 ,-0.457235 ,-0.0864317 ,-564.598 ,-0.000148074 ,-0.622488 ,-0.734234 ,-0.937853 ,0.173166 ,0.95802 ,-0.822837 ,-1.18365 ,-0.881439 ,-1.89358 ,-0.319921 ,-1.03518 ,-0.114017 ,-0.115 ,0.695038 ,0.85801 ,-0.00559021 ,-0.00711793 ,0.743004 ,1.03644 ,0.958134 ,6.00043 ,0.00248011 ,0.307807 ,0.780901 ,1.04768 ,0.977965 ,2.25362 ,-0.0129519 ,-0.997843 ,0.00075204 ,0.0827175 ,0.000213252 ,1.65318 ,0.000760786 ,0.00086747 ,0 ,4.47333e-05 ,-0.214784 ,-0.218181 ,0.748921 ,1.00357 ,-5.78165e-06 ,-1778.63 ,1.19265e-06 ,0.0148669 ,-0.429533 ,-403.81 ,4.27695e-12 ,5.3152e-06 ,-0.0294123 ,-0.492432 ,-0.0300915 ,-0.0302295 ,3.27027e-07 ,1.55394 ,-0.547009 ,-0.614197 ,-4.21098e-05 ,-5.74716 ,-0.0112679 ,-1.00028 ,-0 ,-0 ,-0.751784 ,-1.1139 ,3.42604e-05 ,3.42604e-05 ,3.15831e-05 ,0.0520671 ,-0.0872778 ,-0.953339 ,0.140576 ,1.00113 ,0.478093 ,0.938185 ,-0.243151 ,-0.248122 ,-0.72619 ,-0.999819 ,-3.78198e-05 ,-5.9247e-05 ,0.292892 ,0.301726 ,-0.00229598 ,-0.493782 ,-0.247224 ,-0.322213 ,-0.770925 ,-1.51101 ,-0.000259084 ,-2.50151 ,0.976675 ,2.30462 ,-0.847842 ,-20.3628 ,0.998964 ,3.7825 ,0.328131 ,0.971801 ,-0.0240613 ,-0.999522 ,-0.370117 ,-0.391461 ,0.0190794 ,2.15794 ,0.0229405 ,0.0266802 ,0.0160292 ,0.0846603 ,0.878363 ,147.912 ,0.707933 ,0.883832 ,-0 ,-0 ,-0.0058453 ,-1.30861 ,4.54122e-08 ,1.00071 ,3.42816e-05 ,0.00119522 ,0.00143544 ,0.00615734 ,0.00859182 ,0.0958772 ,0.242697 ,0.303525 ,0.193273 ,0.347338 ,-0.744714 ,-2.33638 ,0.327266 ,0.340972 ,-0.00769751 ,-0.0112437 ,0.263655 ,0.802512 ,0.680184 ,1.12015 ,-0.340773 ,-0.364134 ,-0.0338833 ,-3.13008 ,-0.352757 ,-0.403228 ,0.00222905 ,0.363618 ,-0.0183688 ,-0.147166 ,0.0489363 ,0.612742 ,-0.139462 ,-0.221804 ,-0.168975 ,-0.225239 ,0.447453 ,0.513202 ,-0.286467 ,-0.703702 ,0.0956741 ,0.175541 ,-0.0349347 ,-0.164082 ,-0.0115771 ,-0.0515971 ,-0.00120448 ,-0.00276012 ,-0.0328431 ,-0.0926355 ,0.628515 ,4.02808 ,0.0023293 ,0.00237589 ,0.033811 ,0.0618714 ,-0.0416052 ,-0.18424 ,0.0446579 ,0.312309 ,-0.0358219 ,-0.121123 ,-0.363413 ,-1.15171 ,0.0545069 ,0.0563945 ,0.166099 ,1.85765 ,-0.632936 ,-0.755847 ,0.842211 ,2.15674 ,-0.146504 ,-1.10057 ,0.437256 ,0.782305 ,-0.106182 ,-0.142447 ,0.00448178 ,0.0405145 ,-0.301431 ,-0.327131 ,0.0861133 ,0.234858 ,-0.0898034 ,-0.107047 ,-0.00743128 ,-0.0958101 ,0.0284492 ,0.226482 ,-0.000326799 ,-0.000504514 ,0.00995009 ,0.0578832 ,-0.0544273 ,-0.128196 ,0.13724 ,0.203619 ,0.142861 ,1.04042 ,0.173748 ,0.243508 ,0.383 ,0.406474 ,-0.0123601 ,-0.0163359 ,-0.0357964 ,-0.0974761 ,0.108805 ,0.499153 ,-0.104033 ,-0.189853 ,-0.454524 ,-0.495356 ,-0.187828 ,-0.696822 ,0.322686 ,0.652852 ,0.154892 ,0.169616 ,0.00333472 ,0.101569 ,-0.0719445 ,-0.990608 ,0.361666 ,1.11687 ,-0.518226 ,-0.58886 ,-0.0265324 ,-0.0414199 ,0.237111 ,0.266347 ,-0.0201447 ,-0.918114 ,0.0242118 ,0.187563 ,0.0020586 ,0.172439 ,0.057488 ,0.0732397 ,-0.470217 ,-0.51832 ,-0.0557283 ,-0.0603071 ,-0.354782 ,-0.671297 ,-0.0614658 ,-0.293045 ,-0.0202875 ,-0.0231241 ,0.0201964 ,0.324371 ,-0.557506 ,-1.09555 ,0.190846 ,0.445436 ,0.0474917 ,0.0489266 ,-0.0697697 ,-0.260528 ,-0.286388 ,-0.303693 ,-0.612292 ,-0.819326 ,-0.109745 ,-0.20024 ,-0.0382054 ,-0.0413148 ,-0.0197558 ,-0.0275622 ,-0.108186 ,-0.165187 ,-0.207475 ,-0.250605 ,0.638084 ,1.81515 ,-0.396256 ,-2.79657 ,0.0354625 ,0.0734838 ,0.242338 ,1.25805 ,0.000407288 ,0.0727459 ,-0.579836 ,-1.17765 ,0.0803477 ,0.17634 ,0.622594 ,1.2252 ,-0.00156425 ,-0.0823107 ,0.80294 ,1.31883 ,-0.0249864 ,-0.0953816 ,-0.312317 ,-0.398552 ,0.835567 ,1.32441 ,-0.520048 ,-0.6056 ,0.0493657 ,0.061387 ,0.0550898 ,0.296247 ,0.204931 ,0.242933 ,0.030688 ,0.13016 ,-0.229854 ,-0.335979 ,-0.0721562 ,-0.108124 ,-0.0631696 ,-0.192579 ,-0.287938 ,-0.436589 ,-0.021547 ,-0.214957 ,0.119521 ,0.420333 ,0.0176727 ,0.192333 ,0.0168976 ,0.0195318 ,-0.177744 ,-0.181575 ,-0.451912 ,-0.92925 ,0.00449273 ,0.195798 ,0.193638 ,0.301243 ,-0.0410723 ,-0.343308 ,-0.113965 ,-0.137641 ,0.171813 ,0.249651 ,-0.421465 ,-1.08013 ,0.807791 ,1.72047 ,-0.157593 ,-0.630988 ,0.4472 ,0.481456 ,0.00888046 ,0.0207129 ,-0.0437823 ,-0.155536 ,-0.0645221 ,-0.271243 ,-0.225503 ,-0.433028 ,0.018168 ,0.0809337 ,0.0512784 ,0.0940707 };
	float out_mask[] = { 0.885314 ,0.517546 ,0.551521 ,0.645429 ,0.530636 ,0.541105 ,0.511454 ,0.474043 ,0.571962 ,0.912993 ,0.998801 ,0.683975 ,0.768217 ,0.883951 ,0.9507 ,0.998111 ,0.960389 ,0.833551 ,0.959498 ,0.996079 ,0.999692 ,0.992932 ,0.964746 ,0.963602 ,0.995292 ,0.998727 ,0.996022 ,0.966213 ,0.934006 ,0.994311 ,0.99932 ,0.995674 ,0.911978 ,0.948222 ,0.988955 ,0.996372 ,0.992839 ,0.960402 ,0.962565 ,0.994153 ,0.996059 ,0.99272 ,0.958296 ,0.960647 ,0.986576 ,0.990459 ,0.989517 ,0.974172 ,0.984378 ,0.995855 ,0.996035 ,0.996862 ,0.996946 ,0.996808 ,0.99818 ,0.998834 ,0.998595 ,0.998514 ,0.998758 ,0.999074 ,0.999366 ,0.999486 ,0.999156 ,0.998304 ,0.998215 ,0.998514 ,0.998615 ,0.998563 ,0.99844 ,0.998536 ,0.998576 ,0.998317 ,0.998303 ,0.997901 ,0.996607 ,0.994979 ,0.996737 ,0.997588 ,0.997367 ,0.99683 ,0.996772 ,0.9969 ,0.996847 ,0.99592 ,0.994167 ,0.994068 ,0.995461 ,0.996374 ,0.995573 ,0.994509 ,0.995294 ,0.995975 ,0.996026 ,0.99542 ,0.9935 ,0.99316 ,0.994003 ,0.995584 ,0.994139 ,0.99325 ,0.991134 ,0.988982 ,0.990948 ,0.991463 ,0.992589 ,0.990363 ,0.989742 ,0.988921 ,0.989277 ,0.988667 ,0.987701 ,0.986166 ,0.9848 ,0.984983 ,0.987348 ,0.988287 ,0.988029 ,0.984189 ,0.986247 ,0.987813 ,0.989812 ,0.99022 ,0.991913 ,0.991551 ,0.991278 ,0.989407 ,0.986417 ,0.988148 ,0.988736 ,0.99153 ,0.990278 ,0.990833 ,0.990087 ,0.991944 ,0.990748 ,0.990802 ,0.99162 ,0.992984 ,0.994172 ,0.992556 ,0.992658 ,0.992673 ,0.991116 ,0.991652 ,0.991905 ,0.991576 ,0.990671 ,0.989642 ,0.990505 ,0.98939 ,0.988355 ,0.989537 ,0.991766 ,0.992841 ,0.991887 ,0.991414 ,0.991581 ,0.989575 ,0.989127 ,0.989307 ,0.989715 ,0.987712 ,0.987361 ,0.988922 ,0.988159 ,0.989242 ,0.988114 ,0.988586 ,0.986618 ,0.986329 ,0.98783 ,0.987847 ,0.989609 ,0.991048 ,0.990186 ,0.987795 ,0.987338 ,0.988368 ,0.98978 ,0.987507 ,0.9873 ,0.987584 ,0.988644 ,0.990014 ,0.988761 ,0.989378 ,0.988702 ,0.987453 ,0.988427 ,0.988477 ,0.985908 ,0.986137 ,0.985588 ,0.985005 ,0.986257 ,0.988743 ,0.988523 ,0.987576 ,0.98735 ,0.987682 ,0.98735 ,0.984158 ,0.987668 ,0.987818 ,0.986708 ,0.988065 ,0.9893 ,0.987975 ,0.985758 ,0.986338 ,0.988599 ,0.988249 ,0.988746 ,0.989047 ,0.988567 ,0.989771 ,0.988919 ,0.987573 ,0.98723 ,0.988451 ,0.98723 ,0.986521 ,0.985189 ,0.985533 ,0.985691 ,0.986163 ,0.98695 ,0.985133 ,0.986073 ,0.987717 ,0.989258 ,0.98908 ,0.9867 ,0.985751 ,0.982667 ,0.982826 ,0.982697 ,0.97953 ,0.983113 ,0.980803 ,0.984682 ,0.984405 ,0.980896 ,0.985744 ,0.988082 ,0.987159 ,0.991242 ,0.988964 ,0.984342 ,0.984587 ,0.981125 ,0.979687 ,0.98688 ,0.987498 ,0.983953 ,0.973374 ,0.974547 };
	float state1_out[] = { -0.0997201 ,-0.109789 ,0.00167237 ,0.36965 ,0.128418 ,0.678028 ,0.23926 ,0.297557 ,0.565172 ,0.844235 ,0.0494225 ,0.0494633 ,0.316358 ,0.328283 ,-0.00628846 ,-0.681427 ,0.200954 ,0.999948 ,-0.634659 ,-0.915509 ,0.850035 ,1.8786 ,0.0411117 ,0.0886396 ,-0.0627916 ,-0.0628812 ,4.90217e-06 ,0.00327233 ,3.55822e-05 ,0.0115547 ,0.994234 ,2.92305 ,0.267226 ,0.276752 ,0.0265567 ,0.873087 ,0 ,0 ,-0.0370196 ,-0.0370369 ,-0.0629638 ,-0.955592 ,0.0227168 ,0.441598 ,0.00840169 ,0.959259 ,-0.180828 ,-0.185637 ,1.82041e-11 ,2.90871e-05 ,2.54869e-05 ,0.311811 ,-0.0468188 ,-0.0468686 ,0.713505 ,0.999987 ,0.740343 ,0.95258 ,0.218147 ,0.221709 ,0.71645 ,0.900313 ,-2.36395e-07 ,-0.000768169 ,-0.177812 ,-0.179744 ,-0.0400674 ,-0.0522235 ,3.89638e-06 ,0.0128639 ,-0.059866 ,-0.0599714 ,-0.216558 ,-0.242228 ,-0.026744 ,-0.0274997 ,-0.462617 ,-1.07373 ,-0.756261 ,-0.999185 ,0 ,0 ,-0.325865 ,-0.949736 ,-1.67247e-05 ,-0.999655 ,-0 ,-1 ,0.445552 ,0.479236 ,-0.998653 ,-49.9423 ,0.434214 ,33.4366 ,0.00222716 ,0.195252 ,0.755824 ,1 ,0.0909339 ,0.0911897 ,-0.398836 ,-0.757716 ,0.00659875 ,0.00662062 ,-0.0442117 ,-0.0934321 ,-0.0827711 ,-0.882192 ,-0.92236 ,-1.67007 ,-0.0334006 ,-0.0876126 ,0.0145164 ,0.55631 ,-0.0328966 ,-3.32452 ,0.00541764 ,0.829649 ,0.00153321 ,0.00203538 ,-0.113537 ,-0.980477 ,-1.5316e-07 ,-0.0541497 ,-0.0425982 ,-0.781292 ,0 ,2.38571 ,0.521116 ,0.631654 ,-0.0431739 ,-565.392 ,-2.05653e-05 ,-0.156652 ,-0.740856 ,-0.952374 ,0.0966871 ,0.796554 ,-0.918317 ,-1.65407 ,-0.901736 ,-1.89357 ,-0.528773 ,-1.03979 ,-0.114311 ,-0.116625 ,0.725738 ,0.920196 ,-0.00767525 ,-0.0084507 ,0.739365 ,1.05083 ,0.93171 ,5.99978 ,-0.00263332 ,-0.684026 ,0.716403 ,0.900217 ,0.984694 ,2.47308 ,-0.016063 ,-0.982895 ,0.000212921 ,0.0290858 ,0.000746706 ,1.6531 ,0.000602827 ,0.000714143 ,0 ,0.000102831 ,-0.147037 ,-0.148111 ,0.755923 ,0.999972 ,-7.36117e-06 ,-1779.63 ,1.78237e-07 ,0.0096621 ,-0.537591 ,-403.828 ,6.39787e-12 ,2.3853e-05 ,-0.0357075 ,-0.53073 ,-0.00141976 ,-0.00142433 ,1.09064e-07 ,1.55679 ,-0.541382 ,-0.606223 ,-3.85939e-05 ,-6.73077 ,-0.0207285 ,-1.00101 ,-0 ,-0 ,-0.67849 ,-1.02589 ,7.87447e-06 ,7.87448e-06 ,7.89998e-06 ,0.0220568 ,-0.235807 ,-0.954442 ,0.080476 ,1.00219 ,0.148085 ,0.735362 ,-0.132531 ,-0.133316 ,-0.695141 ,-0.998942 ,-2.31921e-05 ,-2.96235e-05 ,0.291816 ,0.30055 ,-0.00150817 ,-0.563881 ,-0.0429309 ,-0.055293 ,-0.634567 ,-1.33109 ,-5.11108e-05 ,-2.7525 ,0.985947 ,2.62054 ,-0.86222 ,-20.403 ,0.997129 ,3.27241 ,0.3197 ,0.985058 ,-0.00749939 ,-0.999102 ,-0.558752 ,-0.634566 ,0.00806095 ,2.16759 ,0.0223189 ,0.023497 ,0.0121865 ,0.163016 ,0.596251 ,147.942 ,0.54472 ,0.612515 ,-0 ,-0 ,-0.00487589 ,-1.23837 ,9.07758e-08 ,0.999734 ,7.515e-06 ,0.000866741 ,0.00162142 ,0.00442148 ,0.010945 ,0.097954 ,0.213232 ,0.30804 ,0.244936 ,0.364015 ,-0.735855 ,-2.42114 ,0.35111 ,0.367609 ,-0.00465892 ,-0.00777982 ,0.279332 ,0.834752 ,0.720919 ,1.1174 ,-0.193761 ,-0.20087 ,-0.0337202 ,-3.23623 ,-0.357012 ,-0.398334 ,0.00119876 ,0.359071 ,-0.0175691 ,-0.13302 ,0.0538539 ,0.668096 ,-0.158513 ,-0.221976 ,-0.151633 ,-0.224451 ,0.440546 ,0.513928 ,-0.261279 ,-0.696393 ,0.0846284 ,0.175281 ,-0.0318112 ,-0.171056 ,-0.0126323 ,-0.0512439 ,-0.00102725 ,-0.00328656 ,-0.0345967 ,-0.10003 ,0.610969 ,3.61585 ,0.00344856 ,0.00353598 ,0.0618867 ,0.103709 ,-0.040304 ,-0.18405 ,0.0391495 ,0.276617 ,-0.0408891 ,-0.144538 ,-0.346927 ,-1.13652 ,0.069725 ,0.0720842 ,0.0974413 ,1.91201 ,-0.621538 ,-0.734235 ,0.881576 ,2.30431 ,-0.162647 ,-1.09073 ,0.457439 ,0.806171 ,-0.0851264 ,-0.118178 ,0.00430194 ,0.0389258 ,-0.345339 ,-0.374171 ,0.0890224 ,0.232238 ,-0.0855444 ,-0.105417 ,-0.00500785 ,-0.0734946 ,0.0229216 ,0.202008 ,2.16757e-05 ,3.13727e-05 ,0.0118528 ,0.0603878 ,-0.0560959 ,-0.129178 ,0.128412 ,0.203753 ,0.240952 ,1.06547 ,0.154844 ,0.248909 ,0.3982 ,0.429455 ,-0.0118188 ,-0.0162848 ,-0.037382 ,-0.0972715 ,0.191554 ,0.954233 ,-0.0830305 ,-0.187806 ,-0.419437 ,-0.451365 ,-0.189984 ,-0.695573 ,0.321882 ,0.652851 ,0.1539 ,0.171533 ,0.00241634 ,0.137463 ,-0.0882221 ,-1.02645 ,0.370844 ,1.19985 ,-0.521233 ,-0.590166 ,-0.0265108 ,-0.04149 ,0.238883 ,0.264926 ,-0.0102497 ,-0.82312 ,0.0229084 ,0.166217 ,0.00237897 ,0.209049 ,0.0530947 ,0.0681077 ,-0.48704 ,-0.536436 ,-0.0496723 ,-0.0547791 ,-0.389179 ,-0.670852 ,-0.068824 ,-0.29668 ,-0.0211367 ,-0.0241475 ,0.0187769 ,0.323298 ,-0.494897 ,-1.01691 ,0.118652 ,0.242047 ,0.0480398 ,0.0492507 ,-0.0556373 ,-0.26069 ,-0.27536 ,-0.291596 ,-0.603394 ,-0.820153 ,-0.109851 ,-0.199204 ,-0.0303718 ,-0.0341379 ,-0.0136799 ,-0.0207501 ,-0.118646 ,-0.164917 ,-0.181576 ,-0.223194 ,0.626585 ,1.63749 ,-0.322447 ,-2.92247 ,0.0345686 ,0.0667189 ,0.232275 ,1.32612 ,0.000207045 ,0.0587634 ,-0.559799 ,-1.17802 ,0.0724515 ,0.175759 ,0.630046 ,1.16239 ,-0.00195573 ,-0.0948823 ,0.770559 ,1.21045 ,-0.0292489 ,-0.102141 ,-0.323239 ,-0.398705 ,0.878162 ,1.53159 ,-0.516389 ,-0.610274 ,0.0489704 ,0.0604016 ,0.0325246 ,0.303196 ,0.19917 ,0.251539 ,0.0202999 ,0.0890814 ,-0.235443 ,-0.334799 ,-0.0677552 ,-0.108048 ,-0.0442391 ,-0.199644 ,-0.281086 ,-0.429657 ,-0.009933 ,-0.214937 ,0.111911 ,0.414282 ,0.0191498 ,0.197201 ,0.0351619 ,0.0398915 ,-0.176387 ,-0.179471 ,-0.510114 ,-1.06523 ,0.00376755 ,0.184781 ,0.195728 ,0.293517 ,-0.0431112 ,-0.339043 ,-0.139303 ,-0.174723 ,0.150257 ,0.249044 ,-0.368698 ,-1.16178 ,0.806186 ,1.66354 ,-0.17822 ,-0.631177 ,0.489984 ,0.536339 ,0.00659403 ,0.0213238 ,-0.0259398 ,-0.10726 ,-0.0566825 ,-0.240232 ,-0.250526 ,-0.569635 ,0.014675 ,0.0823984 ,-0.0638035 ,-0.101615 };

	memcpy(input_2_array, in_mag, 257 * sizeof(float));
	memcpy(input_3_array, state1_in, 512 * sizeof(float));

	inference_model(m);
	printf("activation_2_array:\n");
	for (int i = 0; i < 257; i++) {
		printf("%f, ", activation_2_array[i]);
	}
	printf("\b\b  \ntf_op_layer_stack_2_array:\n");
	for (int i = 0; i < 512; i++) {
		printf("%f, ", tf_op_layer_stack_2_array[i]);
	}
	printf("\b\b  \n");
